% 2
142305678
120345678
% 4
125304678
125304678
% 5
301452678
301452678
142358607
% 6
312458067
310642785
% 7
104372685
102348657
302614785
432175608
302614785
312048657
102348657
142037685
102645738
402175368
312047685
142630785
312658704
154032678
102745368
325418607
% 8
042137685
125307684
325418067
325471068
025341678
154372068
472105368
351472068
142637085
351472068
632105748
032715468
025341678
142387650
025148367
431502678
312684750
250134678
154372680
025148367
032418657
025138647
% 9
125740368
105327684
125638407
401532678
325710468
371420685
402137685
304512678
142087365
432158607
402165738
325018467
403152678
235014678
341682705
325618704
431520678
425170368
401532678
312580467
472165308
325618704
341620785
402165738
631052748
142637805
371420685
631052748
403152678
142683705
205174368
402165738
314072685
205341678
312764805
102375684
425138607
125480367
% 10
043152678
012375684
172435068
045123678
125378460
314702685
420158367
435621078
432108657
320618754
014382657
142637850
162358740
612405738
158302647
432765018
120643785
154307682
042163785
235174068
315628047
312608547
015327684
154702368
015327684
314672085
150624738
015624738
250174368
432617085
325608714
612405738
632104785
125306748
328417650
425173680
140762385
420138657
182305647
142807365
312508674
235174068
150374682
154602738
453102678
328417650
350214678
632158740
235148670
312607845
510342678
035621748
540132678
314602758
312568470
142637850
351702468
425173068
150724368
254138670
120485367
043152678
315624780
420635718
032518467
154602738
432617085
172435068
051362748
312764850
350428617
250174368
% 11
315620784
452180367
312560478
235148607
381420657
541320678
172360485
425160738
435210678
102648537
142058736
402163785
432187605
425167308
425018637
142068537
351048627
184032657
432187605
162045378
342510678
142780356
312587406
142068753
312874605
172435608
258140367
162034785
402735168
472160385
142763805
154062738
102847365
425017368
402735168
154380627
425160738
174325608
305128467
305427681
453120678
312840675
125760384
205164738
142680537
402163785
325180467
142786305
172360485
312867405
472315608
432765108
235180647
425178306
425073168
104357682
158327604
142780356
603152748
712345608
128354607
142867305
107324685
432061785
125748306
351028467
301524678
205361748
601432785
315640728
341625708
625130748
314782605
402187365
245371608
435028617
305427681
501372468
642035718
% 12
014372568
182357640
125687430
632184750
160342785
245318067
432618570
158427360
425187630
320718456
632704815
157302468
741302685
162735480
275301468
051348627
140358627
312578640
315208647
172385640
470162385
017324685
453602718
154638027
310872465
452168037
012647835
235148067
534128670
031245678
431782650
615724038
310574682
320814675
435218670
235107684
034712685
615724038
312867045
452168370
370481652
632704815
631482750
027134685
035471682
420185637
310574682
154628730
127634085
341702865
420175683
025417368
325108674
051348627
142603578
143502678
320518674
042167835
275164380
370481652
120384675
158402367
031457682
631752480
128347065
140672835
341625078
034612758
431508627
631482075
125683074
312867045
372405681
632714850
134625780
162358074
061532748
140872365
051348627
325708416
042178356
042158673
631482075
310654782
615204738
325604781
631702845
312675840
610432785
314508627
152308674
045218367
423501678
635201748
510372468
032716485
610452738
230175684
635721048
041632758
312786045
% 13
371048652
425067138
123684705
382045617
381620754
302645178
235610784
105827364
561342708
106342785
304251678
312687504
632450178
802135647
328517406
304517682
431685702
714562308
205163784
265341708
205417368
301562478
324015678
382415607
127380465
408123657
631720458
312870654
431725608
415268307
574162308
431057682
427180365
351647802
632740815
182045367
615023784
321574608
304251678
301582674
731452608
571362408
265310748
205187364
254180637
371048652
425136708
403651782
502314678
145273608
725130468
642315708
182340675
642350718
312076854
462015738
324650718
162084375
301478652
312057486
105726384
425317608
541328607
215473608
215038467
435610728
715264308
157324608
128037645
702315648
701452368
725130468
314725608
305628147
402375618
301645728
128360754
372045681
431762508
205417368
431620875
245380617
125470386
402638751
734182605
402538167
158027364
341650728
632475108
172058346
614520738
154760382
643012785
162475308
102378456
328517406
154087362
358210647
381652704
275361408
154638207
% 14
012643578
170432685
013624785
250473168
410537682
425186370
245107386
328601547
431208567
125687043
630721845
275318460
630721458
540128367
258147036
260315748
025138764
425387160
170652348
341658720
641302758
142687053
472635018
342618750
152308746
031682475
315762084
041365728
031682547
431587062
017384652
034681752
312507648
046152738
320478615
235648710
071532468
142675083
015427386
625418730
315682074
432675081
072138456
275318460
315726048
184562370
512308647
015328476
412385067
063752418
162475380
041732568
015827364
312806457
243158670
123605748
732645018
612704385
425136780
162384750
064512738
381427065
631528074
275361480
714602385
427183065
143572068
028317465
350628147
045723168
235618047
732401685
254317068
762305418
473125680
358102467
315607824
430682517
342701685
043752168
316502748
430582167
170354628
012643857
423106785
312745086
324761850
157362048
328614075
027381465
257103684
542178360
320165478
032745618
351608247
120475386
320461785
012643857
612758340
320461785
714562380
% 15
158460372
762450138
125463708
387410652
385041627
142357806
405327618
265034178
153240678
467012385
142835607
245638107
102675834
375412608
312746508
632780451
315087264
301762548
104862357
425037618
251368704
302684175
371054682
302487651
358027461
413762805
142586703
431268507
482173605
504238167
614750382
435081627
245680137
145327608
438052617
632180547
428017356
107452638
158627403
427630815
107624835
128053647
432560178
632078451
314620587
631450728
453187602
108326754
184527306
453180627
184035672
501387462
265130784
105627348
124653708
328647105
472635108
472538106
174362508
235017468
762015348
275061348
142863507
542170683
325016478
158374602
641352708
412065378
472086135
428150736
245610738
735261408
302467815
732458601
162750384
125643807
187350624
615034782
158374602
347510682
317562408
625738401
215438607
143782605
472031685
638021754
518320467
732016854
401735628
702136485
243615708
135064782
302487651
107652348
405728136
514382607
415287306
142065873
145073268
238154607
102785346
% 16
152437086
640132758
128635074
326781450
341708562
643182075
063712854
382165047
425681730
230765184
432871650
642381750
320468517
610725384
025468317
320658741
612843057
624103785
340125678
731642058
420578136
025376481
071562348
413608752
615702384
360512748
052438617
432506178
182634750
610482537
235146780
247315680
381625047
028147536
753402618
063182754
285307461
150634827
732145860
325607418
235716048
012685743
143628750
250164387
324608751
031852647
574108326
360421758
540187362
325607418
430217685
541387620
184502673
435761280
720138456
482157630
430157682
310487625
725413068
250674138
143528067
360421758
732814650
635418027
325417086
312468750
185362047
257613084
315246780
612843057
427603815
742185360
714506382
635401278
275648130
031762548
472538160
128305746
564132078
265714380
382645170
421305678
054361728
120578346
542187630
045728136
148205367
140723685
461305728
245807136
058264137
125386047
026174385
025673418
245317086
651432078
431608572
081325647
048127356
240156738
082167345
% 17
615230478
702186345
184673502
271034685
528310647
423015768
425087316
405621378
105327846
301287465
128574603
605738124
102678354
702165834
362510748
827130465
542078136
105273468
324085617
285410367
342670185
425061378
473025168
128530647
205417683
428537106
105827643
165032784
451082367
308614527
238614507
641052378
416052378
628130547
305824671
651428703
461520738
314286705
504168723
265173408
714360852
531674802
152687304
531072486
152687304
365214708
143058627
134275608
802157364
761034852
827130465
635074218
453081672
528130674
403872165
387120465
432087516
428610573
405628173
235786104
254310687
205384671
714328605
402168375
508421367
435180267
172064385
725436108
601542378
243610785
425087316
654032718
125460783
172846305
128534706
623071845
412038675
124375806
421083675
321480675
382160475
317854602
108526374
304817625
302568471
245063781
502416378
632041758
126370854
271384605
301768452
403162758
128470536
304618572
512340786
312657408
208357641
254638701
352174608
238170645
381024675
% 18
187432056
438652170
314562870
725368410
725643018
314206578
021538674
542601783
413872065
614358720
842613057
650138427
410782365
243601785
132568740
154806327
328576041
732401568
630852714
164205738
054186732
072413865
361528047
782406135
034512867
341287065
248305167
520317684
730461852
538612047
056213748
084163572
437851620
251406378
512706438
084163572
340718526
761352480
031475862
254706183
325678041
625178430
154278630
710342568
650721348
128403675
016523748
043761582
430861752
028367145
184607523
712305486
517402368
073621485
174503682
035871462
526318740
612708543
031587426
120654783
634705812
062134857
637401852
428367015
862107345
140857362
185327046
613804752
427805136
140857362
634718025
630752841
150638247
123754680
581437062
012386574
158306427
317645820
532768014
012485673
024376851
270483165
238614570
468102357
482165730
342186750
021538674
275308164
640382517
235104786
362785410
150642378
431527860
471832065
465128037
412738560
065712384
028136547
632875410
832105476
612875340
% 19
418630572
271385406
154837206
314056728
471035682
302647185
435178602
547613802
354781602
372015486
638024571
426018735
138562407
643728105
138452607
731085462
573614802
251430687
428576103
467150328
163728405
502648317
325046871
623518704
635082174
357062418
374528106
156327408
207365148
403165782
812750364
743012658
251647308
123540687
745231608
501238764
574031268
513684702
723145608
751028436
306742185
361587402
714086532
476132805
187650423
103752648
403528617
172384506
748153602
208153764
326140785
423167805
453782601
302854617
357126408
354682701
471035268
507142386
483170625
345012678
162430875
762381405
784016352
421765308
128765304
153068427
102538764
401236785
712043658
572160348
642375801
432017568
254380716
215340768
502613784
712035864
284150673
581062437
832416507
264810375
761025384
731465208
643580721
412760583
802163475
732486501
465023178
482517306
207485136
146082537
643158702
731640825
307826451
801275364
435162708
342718506
157240683
512036487
157360824
374621805
345287106
% 20
742108536
845132670
014735268
160827345
614503278
328164057
164203785
028153764
715432068
032456178
472581360
214683750
028157463
015642378
427138056
361825740
061354728
372651084
058361742
347125680
046135728
614537820
632418750
032857416
635827410
238605147
035817642
354182670
210673485
215437860
051734268
032481567
427856130
763508421
726503418
130764285
031265874
386725410
630184725
274318065
172304586
256104783
036415728
074132856
712645830
042758163
732815460
051372846
680453721
086431752
610754823
514738260
371264085
728145360
638704125
063412758
520681347
365708421
134865072
861304572
625801437
742801635
268701534
162743580
014756823
032561748
316208574
582167430
370651482
231704658
025186473
150248376
514287630
257816034
615483270
571438260
416528370
210345768
570218364
735624018
365401872
045132687
430725861
162753084
270634815
465721380
043125687
034175268
037852461
413502687
384601275
862475130
634125087
081724365
140725386
265817340
614803572
362185740
472531680
256408713
075328614
% 21
104732586
503782416
301827645
257630814
473812506
265038471
648213507
827146305
401675832
745260318
547268103
481570362
175236804
672415308
502147836
561340827
382710654
827435601
258064713
108375264
705138246
563810724
217068435
721350846
173420865
271480635
532671804
635421807
415673208
832514607
586142307
372140568
605418732
601523784
654380721
603571428
584320671
361042587
815240376
681524703
204135876
512067834
802417653
814075326
716520384
702164853
271346805
715386402
137860524
417230586
345620187
174035862
208375614
321754806
628043715
253064781
165028473
304158726
813062754
605271384
801764352
435167802
724316805
702145863
782045316
872031654
428536701
712036458
405326781
324087165
756281304
528360417
803761452
302761584
185326704
361540728
163582407
604813725
324057861
763018452
527634108
742380561
481057236
534768201
347258106
582136407
517324806
145720638
187520634
532640817
267480135
742380156
347258106
407325681
701846352
802716345
527438106
301268475
127865403
245870613
178342506
% 22
352874016
017823564
831647520
560341278
684712350
614875230
653814270
254873016
318726540
051683472
360452187
230657418
863742051
538172046
274561380
641523078
370842165
074285136
573681042
045167823
650273148
623105478
134576028
324518076
620174358
015643287
380724516
017642853
280134765
871402536
084512376
035678241
450326781
263471085
623875014
671402358
285601437
384672051
143285067
730541628
067321854
417385026
310824576
384615270
871342650
358426017
253146870
273604518
034768512
428605371
210468537
480562137
621407853
248305716
126438570
083742516
854631072
561374280
140785236
610358274
514807632
128403756
278134650
760534182
748216530
174823065
028514376
376842015
382761450
062438715
045826713
063518274
530468217
340567812
486105327
140527836
048635217
812607354
341782056
082367154
140376825
068234157
132748560
281605734
278361054
543802716
372504618
126508734
321547860
730845162
510263784
825401376
184756023
034782516
346201578
148736025
624803517
517836042
260378145
563712084
751463082
% 23
628715403
104726583
386012745
637150428
403261857
306578421
237415806
157423806
685310742
865013274
574132806
601258347
764085132
804562173
234657801
156082734
507286143
234580176
645830721
651840732
421860573
685341702
326048715
572014386
841025637
762051438
135620487
176382504
504817263
307265418
507428361
862037541
608431572
382056417
735084621
573120486
705183426
618354207
103247865
465178203
726380415
457031268
462038715
438260517
271058364
578230461
327140586
682745103
308561724
421758306
401372586
256310847
745168203
501768342
478130625
721830465
251473806
267453108
582460317
704536812
627154803
714250386
867140532
751630248
765083214
506731248
508431762
654078231
534176802
403568271
401268573
613458207
278136504
423785106
607324815
214380576
432560817
657241308
643857102
385741602
458673201
104536278
631027548
103246578
153264807
742853601
648317502
703164582
127830645
568431207
104826753
205413867
167524308
263814507
124630587
647810523
378014526
306857421
806134572
203568174
642378105
% 24
416702853
637852410
034786152
083752146
164853720
854702163
536704812
427851360
728506341
681274053
458263710
541802763
052673148
074316528
257806431
078245316
672341085
856341072
284376510
163207485
746132580
230876145
082716534
218645730
068725413
460871523
863754021
073845621
368102547
463512870
547301862
568341072
618347250
048526731
023581746
520468713
517834026
523768410
415386270
218546370
087563214
580271643
183607254
750236148
045762381
587436012
187503642
417306582
786205431
526314087
540367821
821365740
713648520
081637542
046812357
670812435
023785461
052874136
842576130
756283041
850413627
850316742
287453061
426713580
371506284
780136452
815236740
183402756
043156872
075482613
053672184
047236815
680314725
183607425
138576420
263571048
216807435
013527864
680473512
310564287
834516027
065132847
510463872
246781350
018763452
431826057
478631520
825614730
653207814
230785614
147865320
385716042
382106547
345106872
542367810
417365082
056741832
267501348
016473825
672384150
176402538
% 25
857420361
138056247
826130574
806137524
417036582
503876412
803276415
467058132
376814205
451073826
873241605
584627301
864527301
804173265
812650473
138760254
456371802
562081743
216084537
847256103
586274103
756130842
168725403
376051248
536182407
724385106
206534781
573041286
687514203
603578124
402586713
738240516
478320561
374826105
506823741
816053742
705861432
623057841
508746321
607281354
481657203
406852713
418530276
416872503
705862341
768524301
206731458
825340176
647358102
765830142
835246701
701586234
785023146
708136245
384267501
214870653
561078342
674082351
584063127
807541236
476381502
581027643
803275614
503418276
745820163
751680423
847062351
507382614
307156842
457061283
214086735
824570316
163027854
527410863
685032471
483250761
724561803
624380571
528074613
521374806
538416207
726138504
574610283
468173205
524038761
872650431
574830612
247168503
824630157
654820731
876120534
647218503
825063741
304152876
752643801
401576238
807514263
513680247
482073516
826710534
406327158
% 26
576201483
786524130
830567412
123546087
710248563
046812735
863514270
167508234
786241035
014837265
720481536
716508234
378564012
784205613
467508213
754216083
526417830
024768153
240371586
048672351
865372140
786254310
437506218
710683425
078623541
562347018
810725463
273804561
087546321
623854017
817206543
186705243
082741536
875432061
578603412
523804761
482706531
076243518
026875431
423507816
370245816
870462315
460735218
718426530
071628435
056273841
821637540
784621350
736204158
836715042
740236851
240873516
471206583
086751432
087614523
837426510
073816452
052847631
360427518
024637518
623547810
864175230
081627534
754836021
540126837
610327584
185234760
657802413
516438270
850643271
076124583
657421830
513802764
478306125
218704653
647285130
647105823
836125047
864321057
670315248
052831476
360478512
476803512
852631047
136508427
234617580
016835472
256814037
027853416
760542831
723814560
567482031
053178462
840275316
671823045
530214876
054617238
064785213
365124870
857601234
867132045
% 27
856042317
806347152
708265413
413280765
786024351
386527104
827053641
781064523
748130265
806351274
843271506
207864531
675418302
506718324
461083257
864250713
204576813
754620831
847650231
346178502
136285407
516034287
834752106
367012584
236078154
376185204
867145302
506724831
802756431
874013526
581076324
683270415
754021836
786531402
807263154
821476305
572831604
561870243
852046713
652347801
536074281
748135206
843670125
816325704
261830547
108745632
438076215
836240517
821354706
608573214
872436501
507421863
821560347
471650283
768042351
713586204
874351206
274516803
824160573
527684301
837514206
476350281
678150423
862470513
687324105
406512837
718562403
706851342
847253601
786250431
674021583
781540263
876540213
178063254
657038124
845762301
356840271
674850312
784650312
863547201
204867513
356870142
487023561
486270315
724386501
534270861
532814706
368175204
376152804
647051328
706281534
675418302
521067843
725814603
378160542
708154263
204581376
103567284
782514603
671053824
546037128
% 28
785631240
580736241
263574810
471506823
017523846
560847321
510823476
370568241
876412530
056847321
813706542
587631420
783156024
076845231
063527184
526807431
271684530
867435012
780615423
216873540
567824310
840572613
054731286
846527013
360847125
056817423
476218053
173608245
130486257
851736240
845371260
386547210
513876240
136278450
546183027
840516273
820476531
147503286
346287051
672543810
570234816
860137245
230716584
517684230
760148235
864375120
836275041
854671023
750486312
510873246
026583741
246587031
687543021
046183257
650487321
067428531
026534817
657804231
746805123
813207546
178536240
740835261
076284513
086317254
546271083
360254817
576483210
486103257
867512430
670548123
751824063
841653270
847526031
130276458
821753046
085762431
853724610
082763514
860527413
051863274
873605241
846123570
852104763
378246015
270618435
087651234
830145276
785146230
156203847
176508243
810257463
081456327
576302814
840213576
546831270
471526083
756408231
867543012
780536214
857346120
846705213
% 29
605872143
785041263
523846107
501823764
406378215
874263501
723084516
567410283
856427301
241076583
836547102
816043257
851023764
647018253
103276584
806573241
346125807
806274153
507861423
206513847
803567241
241560873
506837124
806754312
873650241
802743561
562830714
807652314
706283154
271086543
541230876
106547283
524836701
704386125
607384125
524170863
802573614
406137258
426571803
806547123
803574261
846572301
871465203
304276581
674038125
674153208
526143807
856042731
875063142
876354201
678541203
685740123
876034512
867521304
875620413
856137204
826054731
406217358
406217583
406217583
876354201
854026731
851076423
136257408
845760231
726540813
856014273
874056123
534021876
807654213
246517803
876024153
386047215
856723401
807653241
203874561
703186254
467038251
526817304
876045231
865347102
478365102
856037124
806317254
867210534
843016257
583710246
702683514
806173254
823074561
846170253
708541263
856740312
803146257
386570124
203814576
236510874
846075321
201546873
167058423
803724561
% 30
841253076
057862143
524861730
782601543
784206531
786503214
740386125
078654312
576801243
870641325
786243051
216574083
346107528
863247150
867243051
836154027
567481023
784521630
876345120
670128543
056847213
860547123
576841230
860271543
527834061
216503847
657812043
851206743
570683142
678542310
526807314
078654231
567803124
041853276
856743120
576804231
170243856
026573814
823546710
076143258
410523876
846273510
045867321
524861730
478651230
056842731
364107258
524813760
260574831
026537841
216574830
136257048
856347210
170243856
830576421
567481023
875642310
873246510
678213450
023516874
236514870
837146052
810456273
710243586
074856123
078612543
846375021
286571043
527834061
026514873
685347021
364107258
678251043
680573214
021573846
837146520
872654031
875642310
216503847
216503847
016547283
860374125
823501476
856104273
816704253
470368251
367108254
836154027
078654231
813546270
678415023
865471023
523846017
678542310
023516874
013856247
860374125
078654312
083716254
785632410
470516283
% 31
207534861
678314205
567048312
307168254
513074286
704286531
607481253
216540873
813756204
706358142
476538201
708165243
806547231
136027584
576841203
236547801
836147205
816450273
786340215
% 32
678345210
678345210